1000 32104.4 5689.8 32.0 5.0 
2000 71200.3 12413.4 35.0 6.0 
3000 114179.5 20050.5 37.8 6.0 
4000 156464.2 26805.8 39.0 6.0 
5000 203227.9 35327.8 40.0 7.0 
6000 249555.3 43133.5 41.0 7.0 
7000 295698.1 50829.6 42.0 7.0 
8000 341018.6 57672.1 42.0 7.0 
9000 390836.8 66706.5 43.0 7.0 
10000 441548.8 75690.4 44.0 7.0 
11000 491500.5 84335.8 44.0 7.0 
12000 540921.6 92322.3 45.0 7.0 
13000 590925.0 100707.1 45.0 7.0 
14000 640414.2 108657.3 45.0 7.0 
15000 689559.7 116349.5 45.1 7.0 
16000 738082.2 123443.4 46.0 7.0 
17000 790080.6 132340.6 46.0 7.0 
18000 845198.8 142646.4 46.1 7.0 
19000 899014.5 152227.3 47.0 7.9 
20000 953010.3 161463.5 47.0 8.0 
21000 1006419.3 170576.1 47.0 8.0 
22000 1060280.4 179824.5 48.0 8.0 
23000 1113418.3 188462.4 48.0 8.0 
24000 1166041.3 196723.6 48.0 8.0 
25000 1219253.3 205356.8 48.0 8.0 
26000 1272778.9 214442.2 48.0 8.0 
27000 1325955.3 223156.9 49.0 8.0 
28000 1378951.0 231567.6 49.0 8.0 
29000 1431487.0 239503.7 49.0 8.0 
30000 1484197.0 247854.7 49.0 8.0 
31000 1536286.4 255469.3 49.0 8.0 
32000 1588306.7 262909.7 49.0 8.0 
33000 1641245.5 270790.5 49.0 8.0 
34000 1700411.5 282143.0 49.7 8.0 
35000 1758621.9 292964.3 50.0 8.0 
36000 1816508.9 303340.8 50.0 8.0 
37000 1873890.2 313167.5 50.0 8.0 
38000 1931945.9 323859.2 50.0 8.0 
39000 1988365.4 333266.3 50.4 8.0 
40000 2045554.6 342742.5 51.0 8.0 
41000 2102598.6 351942.2 51.0 8.0 
42000 2160200.9 362175.2 51.0 8.0 
43000 2217558.2 371974.8 51.0 8.0 
44000 2274528.5 381574.5 51.0 8.0 
45000 2330863.7 390522.6 51.0 8.0 
46000 2387918.5 399989.1 51.0 8.0 
47000 2444049.0 408773.9 51.5 8.0 
48000 2500406.4 417493.1 52.0 8.0 
49000 2555991.6 425136.2 52.0 8.0 
50000 2613231.6 435522.5 52.0 8.0 
