1000 6372.8 4016.6 5.9 3.5 
2000 14048.2 9143.0 6.5 4.1 
3000 22888.0 14157.5 7.2 4.1 
4000 31470.6 19337.1 7.4 4.2 
5000 41232.3 26433.8 7.8 4.8 
6000 48916.4 30671.7 7.6 4.7 
7000 59117.7 36805.2 8.1 4.9 
8000 69073.4 42647.8 8.0 5.0 
9000 79409.9 52258.4 8.2 5.3 
10000 88920.7 56462.5 8.4 5.3 
11000 97927.4 64014.0 8.5 5.2 
12000 108000.6 67874.1 8.4 5.2 
13000 116080.4 73240.1 8.2 5.1 
14000 125763.6 79243.6 8.4 5.2 
15000 136809.7 87415.2 8.7 5.3 
16000 150112.0 94926.3 8.9 5.4 
17000 159583.8 102178.0 9.0 5.6 
18000 170455.3 104987.2 9.0 5.3 
19000 179506.4 114240.4 8.8 5.4 
20000 188660.6 116151.6 9.0 5.2 
21000 203909.3 131428.3 9.2 5.9 
22000 217347.8 137184.4 9.4 5.7 
23000 221574.7 137931.4 9.3 5.5 
24000 229034.0 146656.0 9.0 5.7 
25000 242071.8 150525.7 9.2 5.4 
26000 255178.1 157688.1 9.2 5.6 
27000 262666.6 167616.2 9.2 5.7 
28000 280265.0 175762.5 9.5 5.7 
29000 284827.2 182466.4 9.3 5.8 
30000 292452.7 188595.7 9.1 5.9 
31000 302503.7 194385.1 9.2 5.9 
32000 317310.7 198178.4 9.4 5.8 
33000 326925.7 202964.7 9.4 5.6 
34000 345330.4 220072.9 9.6 6.0 
35000 354653.4 216780.7 9.6 5.8 
36000 362583.0 225137.5 9.5 5.7 
37000 370276.9 230022.1 9.6 5.8 
38000 384064.9 243220.6 9.5 5.9 
39000 399007.8 248298.6 9.6 5.9 
40000 404646.3 253921.0 9.8 5.9 
41000 423476.0 266432.6 9.9 6.1 
42000 436329.5 272219.1 9.9 6.1 
43000 440038.0 279431.3 9.8 6.1 
44000 445778.6 277204.5 9.6 6.0 
45000 470274.3 288873.1 10.1 5.9 
46000 475873.8 287167.0 9.9 5.9 
47000 481907.4 308061.8 9.8 6.1 
48000 490671.1 308596.8 9.7 6.0 
49000 506442.3 323503.2 9.9 6.0 
50000 517872.2 327261.6 9.8 6.2 
