1000 7785.7 3895.7 7.5 3.3 
2000 18403.9 9013.0 8.6 4.1 
3000 29813.2 14603.1 9.4 4.2 
4000 41884.4 20013.7 9.7 4.5 
5000 55709.1 27700.9 10.7 5.0 
6000 69089.0 33868.5 11.0 5.0 
7000 85746.4 42267.4 11.8 5.6 
8000 96269.8 49973.0 11.7 5.7 
9000 108392.7 54105.9 11.6 5.6 
10000 125745.1 63988.5 12.1 5.8 
11000 142609.5 72803.9 12.6 6.0 
12000 153572.7 74006.7 12.4 5.7 
13000 166786.9 82494.5 12.4 5.7 
14000 190374.3 97681.1 13.1 6.4 
15000 198681.2 98004.2 12.8 6.1 
16000 213345.4 107558.9 12.8 6.2 
17000 231959.1 113089.0 13.4 6.1 
18000 246426.0 121986.3 13.2 6.3 
19000 254378.4 123481.3 13.0 6.1 
20000 273142.5 135109.4 13.0 6.1 
21000 292008.2 145241.8 13.4 6.4 
22000 302815.9 147233.3 13.3 6.1 
23000 326102.6 162288.1 13.6 6.4 
24000 347819.1 174979.4 14.1 6.9 
25000 359060.8 178767.4 13.9 6.5 
26000 368451.9 185336.7 13.6 6.8 
27000 389204.2 200711.6 13.9 7.0 
28000 412261.3 212815.5 14.3 7.2 
29000 425575.1 205467.2 14.3 6.7 
30000 446186.9 219856.4 14.3 6.7 
31000 462815.6 238849.2 14.7 7.3 
32000 479525.2 235117.2 14.5 6.7 
33000 488799.3 253411.6 14.1 7.1 
34000 516571.2 254064.0 14.7 6.8 
35000 526826.3 259590.2 14.6 7.0 
36000 545438.8 271644.8 14.5 7.0 
37000 560949.0 285693.4 14.5 7.2 
38000 569025.3 286081.0 14.5 7.0 
39000 610615.2 296930.2 15.1 7.1 
40000 631235.1 321185.6 15.3 7.5 
41000 631585.2 317212.9 14.8 7.3 
42000 644786.8 323953.6 14.9 7.1 
43000 659414.2 329361.9 14.7 7.1 
44000 668777.0 318442.4 14.8 6.8 
45000 679380.1 333242.3 14.6 6.8 
46000 714020.5 351716.0 15.1 7.2 
47000 740979.1 372682.9 15.3 7.3 
48000 743282.5 371470.3 14.9 7.3 
49000 772749.6 376379.0 15.1 7.1 
50000 786735.8 386540.7 15.3 7.2 
