1000 8715.1 9976.0 8.0 9.0 
2000 19402.4 21952.0 9.0 10.0 
3000 30907.4 34904.0 10.0 11.0 
4000 42809.5 47904.0 10.0 11.0 
5000 55222.3 61808.0 11.0 12.0 
6000 67825.0 75808.0 11.0 12.0 
7000 80650.7 89808.0 11.0 12.0 
8000 93632.1 103808.0 11.0 12.0 
9000 106980.6 118616.0 11.0 13.0 
10000 120443.9 133616.0 12.0 13.0 
11000 134021.8 148616.0 12.0 13.0 
12000 147672.0 163616.0 12.0 13.0 
13000 161511.3 178616.0 12.0 13.0 
14000 175333.6 193616.0 12.0 13.0 
15000 189287.2 208616.0 12.0 13.0 
16000 203254.5 223616.0 12.0 13.0 
17000 217511.2 239232.0 12.0 14.0 
18000 231991.6 255232.0 12.0 14.0 
19000 246370.4 271232.0 12.0 14.0 
20000 260906.5 287232.0 13.0 14.0 
21000 275442.1 303232.0 13.0 14.0 
22000 290085.4 319232.0 13.0 14.0 
23000 304731.6 335232.0 13.0 14.0 
24000 319373.0 351232.0 13.0 14.0 
25000 334041.1 367232.0 13.0 14.0 
26000 348926.2 383232.0 13.0 14.0 
27000 363782.5 399232.0 13.0 14.0 
28000 378715.3 415232.0 13.0 14.0 
29000 393591.8 431232.0 13.0 14.0 
30000 408589.1 447232.0 13.0 14.0 
31000 423546.4 463232.0 13.0 14.0 
32000 438482.2 479232.0 13.0 14.0 
33000 453695.1 495464.0 13.0 15.0 
34000 469097.4 512464.0 13.0 15.0 
35000 484484.5 529464.0 13.0 15.0 
36000 499885.7 546464.0 13.0 15.0 
37000 515267.4 563464.0 13.0 15.0 
38000 530855.0 580464.0 13.0 15.0 
39000 546375.6 597464.0 14.0 15.0 
40000 561859.6 614464.0 14.0 15.0 
41000 577275.7 631464.0 14.0 15.0 
42000 592948.0 648464.0 14.0 15.0 
43000 608541.7 665464.0 14.0 15.0 
44000 624048.5 682464.0 14.0 15.0 
45000 639778.6 699464.0 14.0 15.0 
46000 655370.7 716464.0 14.0 15.0 
47000 671022.9 733464.0 14.0 15.0 
48000 686727.2 750464.0 14.0 15.0 
49000 702387.7 767464.0 14.0 15.0 
50000 718259.2 784464.0 14.0 15.0 
