1000 12743.7 6023.1 12.3 5.6 
2000 28686.9 13407.6 14.0 6.1 
3000 46173.8 21809.3 14.9 6.6 
4000 63683.6 30654.1 15.5 7.2 
5000 80104.6 38143.2 15.4 7.1 
6000 99018.1 46608.4 16.1 7.4 
7000 119168.4 54775.5 16.6 7.1 
8000 138971.5 66618.2 16.9 7.8 
9000 155550.7 74126.6 16.7 7.5 
10000 174569.3 82234.6 16.8 7.7 
11000 193446.6 90474.7 17.0 7.7 
12000 211737.8 101436.4 17.1 8.0 
13000 238138.9 110452.6 17.8 7.9 
14000 257810.1 120556.8 18.1 8.1 
15000 278749.1 134041.8 18.1 8.5 
16000 301878.6 142399.9 18.3 8.3 
17000 312808.8 146822.8 17.8 8.1 
18000 338106.8 160327.4 18.3 8.3 
19000 356108.0 166434.8 18.3 8.2 
20000 380853.5 185364.7 18.7 8.7 
21000 404921.0 187410.8 18.8 8.3 
22000 422873.1 200591.7 18.7 8.6 
23000 444484.5 217049.2 18.9 8.9 
24000 456269.7 212570.5 18.6 8.4 
25000 484597.5 237045.6 18.8 8.8 
26000 494007.6 231287.0 18.4 8.4 
27000 529990.9 249319.8 19.1 8.8 
28000 543824.3 261780.0 19.0 8.8 
29000 569334.4 275147.8 19.0 9.0 
30000 604373.1 289569.3 19.6 9.1 
31000 604046.8 288695.8 19.1 8.9 
32000 632264.1 292995.4 19.2 8.5 
33000 658322.4 314266.8 19.4 9.2 
34000 685400.0 326371.8 19.7 9.2 
35000 702811.6 335586.6 19.6 9.1 
36000 728488.4 341776.7 19.7 8.9 
37000 751594.1 351155.5 20.0 9.0 
38000 761314.4 366911.1 19.5 9.1 
39000 803102.1 384239.9 20.0 9.6 
40000 823416.3 400347.1 20.2 9.5 
41000 847152.9 398695.3 20.1 9.3 
42000 859251.9 415750.3 19.9 9.6 
43000 893883.6 435929.9 20.5 9.4 
44000 897440.5 438680.0 19.8 9.6 
45000 913915.5 440269.4 19.7 9.4 
46000 945665.3 439621.9 20.1 9.0 
47000 982999.2 471014.9 20.5 9.6 
48000 999806.9 467710.3 20.4 9.4 
49000 1013607.9 485714.9 20.4 9.4 
50000 1052526.5 520882.6 20.5 9.9 
